   n  posicion pa  intervalo  valor    posicion mw  intervalo   valor       retar  n    posi-qrs  paciente = ptbdb/p

   frecuencia de muestreo =1000

     1          373            702       10.000           422            703        9.973           49        1           373
     2         1075            698        9.909          1125            697        9.998           50        2          1075
     3         1773            703        9.853          1822            703        9.713           49        3          1772
     4         2476            711        9.788          2525            712        9.330           49        4          2475
     5         3187            701       10.039          3237            700       10.014           50        5          3187
     6         3888            705       10.057          3937            705       10.025           49        6          3887
     7         4593            705        9.707          4642            705        9.409           49        7          4592
     8         5298            711        9.836          5347            713        9.086           49        8          5297
     9         6009            700       10.004          6060            698        9.921           51        9          6008
    10         6709            700       10.008          6758            701       10.350           49       10          6709
    11         7409            705       10.233          7459            705        9.835           50       11          7408
    12         8114            698       10.164          8164            695       10.170           50       12          8114
    13         8812            699       10.043          8859            700       10.428           47       13          8811
    14         9511            694        9.903          9559            695        9.839           48       14          9510
    15        10205            699       10.372         10254            700       10.400           49       15         10205
    16        10904            708        9.948         10954            706        8.914           50       16         10903
    17        11612            698        9.970         11660            699        9.520           48       17         11612
    18        12310            694       10.260         12359            695       10.580           49       18         12310
    19        13004            694       10.327         13054            689       10.614           50       19         13004
    20        13698            694        9.861         13743            699        9.164           45       20         13697
    21        14392            690       10.708         14442            690       10.494           50       21         14391
    22        15082            688        9.732         15132            686       10.205           50       22         15081
    23        15770            689       10.353         15818            690        9.950           48       23         15770
    24        16459            696       10.490         16508            695        9.407           49       24         16459
    25        17155            689       10.115         17203            692        9.682           48       25         17155
    26        17844            693       10.436         17895            692       10.163           51       26         17844
    27        18537            691       10.518         18587            689       10.217           50       27         18537
    28        19228            696       10.207         19276            699        9.915           48       28         19228
    29        19924            692       10.283         19975            691        9.956           51       29         19923
    30        20616            692       10.503         20666            691        9.961           50       30         20616
    31        21308            693        9.709         21357            693        9.201           49       31         21307
    32        22001            697       10.066         22050            697        9.176           49       32         22001
    33        22698            690       10.121         22747            690        9.597           49       33         22697
    34        23388            690       10.321         23437            690       10.109           49       34         23387
    35        24078            690       10.043         24127            689        9.474           49       35         24077
    36        24768            696       10.605         24816            699        9.732           48       36         24767
    37        25464            697       10.398         25515            694        9.252           51       37         25464
    38        26161            693       10.942         26209            696       10.448           48       38         26161
    39        26854            693       10.561         26905            691        9.649           51       39         26853
    40        27547            692       10.613         27596            695        9.533           49       40         27546
    41        28239            697       11.004         28291            694        8.954           52       41         28238
    42        28936            692       10.643         28985            693       10.268           49       42         28936
    43        29628            692        9.390         29678            692        9.499           50       43         29691
    44        30320            691       11.414         30370            690       10.284           50       44         30320
    45        31011            697       11.242         31060            699        9.423           49       45         31010
    46        31708            692       10.916         31759            691        9.801           51       46         31708
    47        32400            692       11.180         32450            691       10.305           50       47         32399
    48        33092            692       10.823         33141            691       10.010           49       48         33092
    49        33784            694       11.272         33832            698        9.660           48       49         33784
    50        34478            700       11.113         34530            698        9.071           52       50         34478
    51        35178            694       11.140         35228            694        9.392           50       51         35178
    52        35872            691       11.765         35922            690       10.739           50       52         35872
    53        36563            701       11.063         36612            703        9.622           49       53         36563
    54        37264            697       11.508         37315            695       10.217           51       54         37263
    55        37961            698       11.123         38010            698       10.087           49       55         37960
    56        38659            692       11.611         38708            692       10.028           49       56         38658
    57        39351            697       11.303         39400            696        8.739           49       57         39350
    58        40048            693       10.863         40096            695        8.825           48       58         40048
    59        40741            697       11.798         40791            696       10.393           50       59         40741
    60        41438            695       11.770         41487            694       10.650           49       60         41438
    61        42133            698       11.818         42181            705       10.288           48       61         42133
    62        42831            701       12.113         42886            696        9.356           55       62         42831
    63        43532            696       11.981         43582            693       10.162           50       63         43532
    64        44228            696       11.628         44275            697       10.612           47       64         44228
    65        44924            696       11.858         44972            696       10.046           48       65         44924
    66        45620            702       12.042         45668            703        9.563           48       66         45620
    67        46322            694       11.656         46371            696       10.048           49       67         46322
    68        47016            695       12.040         47067            694       10.017           51       68         47016
    69        47711            694       11.869         47761            694        9.840           50       69         47711
    70        48405            698       11.995         48455            698        9.757           50       70         48405
    71        49103            695       11.839         49153            695        9.357           50       71         49103
    72        49798            694       12.416         49848            692       10.229           50       72         49798
    73        50492            695       12.059         50540            695       10.187           48       73         50492
    74        51187            694       12.128         51235            696        9.858           48       74         51187
    75        51881            702       12.237         51931            701        9.127           50       75         51881
    76        52583            688       12.535         52632            687       10.188           49       76         52583
    77        53271            694       12.384         53319            694        9.737           48       77         53271
    78        53965            694       12.293         54013            695        9.991           48       78         53965
    79        54659            703       12.170         54708            703        8.976           49       79         54659
    80        55362            694       12.502         55411            692        9.689           49       80         55362
    81        56056            696       12.639         56103            701       10.473           47       81         56056
    82        56752            693       12.634         56804            691        9.848           52       82         56752
    83        57445            696       12.372         57495            694        8.773           50       83         57445
    84        58141            700       12.937         58189            702        9.420           48       84         58141
    85        58841            694       12.331         58891            692        8.851           50       85         58841
    86        59535            694       13.274         59583            693       10.518           48       86         59535
    87        60229            694       13.582         60276            696       11.030           47       87         60229
    88        60923            698       13.344         60972            698        9.766           49       88         60923
    89        61621            700       13.204         61670            702        9.001           49       89         61621
    90        62321            694       13.730         62372            694       10.440           51       90         62321
    91        63015            695       13.565         63066            690       10.152           51       91         63015
    92        63710            696       13.235         63756            697        9.230           46       92         63710
    93        64406            698       13.340         64453            700        8.833           47       93         64406
    94        65104            692       13.164         65153            698        9.753           49       94         65104
    95        65796            695       12.931         65851            693        9.065           55       95         65796
    96        66491            690       13.701         66544            690       10.005           53       96         66491
    97        67181            696       13.705         67234            692        9.358           53       97         67181
    98        67877            697       13.837         67926            696        9.701           49       98         67877
    99        68574            695       14.429         68622            696       11.318           48       99         68574
   100        69269            693       13.535         69318            694        9.724           49      100         69269
   101        69962            694       14.288         70012            694       10.133           50      101         69962
   102        70656            690       14.602         70706            688       10.633           50      102         70656
   103        71346            689       14.369         71394            691       10.604           48      103         71346
   104        72035            687       13.556         72085            686        9.462           50      104         72035
   105        72722            686       14.022         72771            687        9.379           49      105         72722
   106        73408            690       14.237         73458            688        9.616           50      106         73408
   107        74098            690       14.163         74146            691        9.894           48      107         74098
   108        74788            688       14.347         74837            690       10.513           49      108         74788
   109        75476            686       14.279         75527            684        9.924           51      109         75476
   110        76162            692       14.813         76211            691        9.841           49      110         76162
   111        76854            690       13.552         76902            691        9.695           48      111         76854
   112        77544            692       14.587         77593            691       10.007           49      112         77544
   113        78236            690       14.545         78284            691        9.995           48      113         78236
   114        78926            692       14.198         78975            693        9.483           49      114         78926
   115        79618            696       14.466         79668            694        9.140           50      115         79618
   116        80314            689       14.984         80362            690       10.203           48      116         80314
   117        81003            693       14.889         81052            692       10.144           49      117         81003
   118        81696            691       14.696         81744            693        9.644           48      118         81696
   119        82387            697       15.113         82437            695        9.414           50      119         82387
   120        83084            695       15.324         83132            699       10.402           48      120         83084
   121        83779            695       15.394         83831            692        9.875           52      121         83779
   122        84474            693       15.547         84523            696        9.932           49      122         84474
   123        85167            702       16.089         85219            699        9.566           52      123         85167
   124        85869            694       15.658         85918            694        9.863           49      124         85869
   125        86563            695       16.427         86612            697       10.951           49      125         86563
   126        87258            695       16.066         87309            693        9.646           51      126         87258
   127        87953            699       16.055         88002            697        9.288           49      127         87953
   128        88652            696       16.512         88699            700       10.837           47      128         88652
   129        89348            696       17.466         89399            692        9.943           51      129         89348
   130        90044            692       16.812         90091            696       10.185           47      130         90044
   131        90736            698       17.344         90787            697        9.404           51      131         90736
